{
 "cells": [
  {
   "cell_type": "code",
   "execution_count": 3,
   "metadata": {},
   "outputs": [
    {
     "data": {
      "text/html": [
       "<div>\n",
       "<style scoped>\n",
       "    .dataframe tbody tr th:only-of-type {\n",
       "        vertical-align: middle;\n",
       "    }\n",
       "\n",
       "    .dataframe tbody tr th {\n",
       "        vertical-align: top;\n",
       "    }\n",
       "\n",
       "    .dataframe thead th {\n",
       "        text-align: right;\n",
       "    }\n",
       "</style>\n",
       "<table border=\"1\" class=\"dataframe\">\n",
       "  <thead>\n",
       "    <tr style=\"text-align: right;\">\n",
       "      <th></th>\n",
       "      <th>TARGET_VALUE</th>\n",
       "      <th>GAS_PRESSURE</th>\n",
       "      <th>TEMPERATURE</th>\n",
       "      <th>THICKNESS</th>\n",
       "      <th>WAITING_TIME</th>\n",
       "      <th>PROCESS_TIME</th>\n",
       "      <th>INTENSITY</th>\n",
       "      <th>RPM</th>\n",
       "      <th>TIME_GAP</th>\n",
       "      <th>SPEED</th>\n",
       "    </tr>\n",
       "  </thead>\n",
       "  <tbody>\n",
       "    <tr>\n",
       "      <th>TARGET_VALUE</th>\n",
       "      <td>1.000000</td>\n",
       "      <td>-0.062426</td>\n",
       "      <td>0.048766</td>\n",
       "      <td>0.372615</td>\n",
       "      <td>0.349891</td>\n",
       "      <td>0.022198</td>\n",
       "      <td>0.309442</td>\n",
       "      <td>0.202264</td>\n",
       "      <td>-0.337871</td>\n",
       "      <td>0.428800</td>\n",
       "    </tr>\n",
       "    <tr>\n",
       "      <th>GAS_PRESSURE</th>\n",
       "      <td>-0.062426</td>\n",
       "      <td>1.000000</td>\n",
       "      <td>-0.088498</td>\n",
       "      <td>-0.066479</td>\n",
       "      <td>-0.116885</td>\n",
       "      <td>0.018620</td>\n",
       "      <td>-0.110673</td>\n",
       "      <td>-0.140616</td>\n",
       "      <td>-0.040707</td>\n",
       "      <td>0.016965</td>\n",
       "    </tr>\n",
       "    <tr>\n",
       "      <th>TEMPERATURE</th>\n",
       "      <td>0.048766</td>\n",
       "      <td>-0.088498</td>\n",
       "      <td>1.000000</td>\n",
       "      <td>0.000777</td>\n",
       "      <td>0.052813</td>\n",
       "      <td>0.054029</td>\n",
       "      <td>0.080717</td>\n",
       "      <td>0.031755</td>\n",
       "      <td>0.023435</td>\n",
       "      <td>0.041930</td>\n",
       "    </tr>\n",
       "    <tr>\n",
       "      <th>THICKNESS</th>\n",
       "      <td>0.372615</td>\n",
       "      <td>-0.066479</td>\n",
       "      <td>0.000777</td>\n",
       "      <td>1.000000</td>\n",
       "      <td>0.040017</td>\n",
       "      <td>-0.031659</td>\n",
       "      <td>-0.042260</td>\n",
       "      <td>-0.002660</td>\n",
       "      <td>0.008198</td>\n",
       "      <td>-0.038761</td>\n",
       "    </tr>\n",
       "    <tr>\n",
       "      <th>WAITING_TIME</th>\n",
       "      <td>0.349891</td>\n",
       "      <td>-0.116885</td>\n",
       "      <td>0.052813</td>\n",
       "      <td>0.040017</td>\n",
       "      <td>1.000000</td>\n",
       "      <td>-0.098425</td>\n",
       "      <td>0.105935</td>\n",
       "      <td>-0.005850</td>\n",
       "      <td>0.111746</td>\n",
       "      <td>0.014293</td>\n",
       "    </tr>\n",
       "    <tr>\n",
       "      <th>PROCESS_TIME</th>\n",
       "      <td>0.022198</td>\n",
       "      <td>0.018620</td>\n",
       "      <td>0.054029</td>\n",
       "      <td>-0.031659</td>\n",
       "      <td>-0.098425</td>\n",
       "      <td>1.000000</td>\n",
       "      <td>0.065897</td>\n",
       "      <td>0.043476</td>\n",
       "      <td>-0.012613</td>\n",
       "      <td>0.085077</td>\n",
       "    </tr>\n",
       "    <tr>\n",
       "      <th>INTENSITY</th>\n",
       "      <td>0.309442</td>\n",
       "      <td>-0.110673</td>\n",
       "      <td>0.080717</td>\n",
       "      <td>-0.042260</td>\n",
       "      <td>0.105935</td>\n",
       "      <td>0.065897</td>\n",
       "      <td>1.000000</td>\n",
       "      <td>0.149603</td>\n",
       "      <td>0.006070</td>\n",
       "      <td>0.138085</td>\n",
       "    </tr>\n",
       "    <tr>\n",
       "      <th>RPM</th>\n",
       "      <td>0.202264</td>\n",
       "      <td>-0.140616</td>\n",
       "      <td>0.031755</td>\n",
       "      <td>-0.002660</td>\n",
       "      <td>-0.005850</td>\n",
       "      <td>0.043476</td>\n",
       "      <td>0.149603</td>\n",
       "      <td>1.000000</td>\n",
       "      <td>-0.363079</td>\n",
       "      <td>0.098882</td>\n",
       "    </tr>\n",
       "    <tr>\n",
       "      <th>TIME_GAP</th>\n",
       "      <td>-0.337871</td>\n",
       "      <td>-0.040707</td>\n",
       "      <td>0.023435</td>\n",
       "      <td>0.008198</td>\n",
       "      <td>0.111746</td>\n",
       "      <td>-0.012613</td>\n",
       "      <td>0.006070</td>\n",
       "      <td>-0.363079</td>\n",
       "      <td>1.000000</td>\n",
       "      <td>-0.035095</td>\n",
       "    </tr>\n",
       "    <tr>\n",
       "      <th>SPEED</th>\n",
       "      <td>0.428800</td>\n",
       "      <td>0.016965</td>\n",
       "      <td>0.041930</td>\n",
       "      <td>-0.038761</td>\n",
       "      <td>0.014293</td>\n",
       "      <td>0.085077</td>\n",
       "      <td>0.138085</td>\n",
       "      <td>0.098882</td>\n",
       "      <td>-0.035095</td>\n",
       "      <td>1.000000</td>\n",
       "    </tr>\n",
       "  </tbody>\n",
       "</table>\n",
       "</div>"
      ],
      "text/plain": [
       "              TARGET_VALUE  GAS_PRESSURE  TEMPERATURE  THICKNESS  \\\n",
       "TARGET_VALUE      1.000000     -0.062426     0.048766   0.372615   \n",
       "GAS_PRESSURE     -0.062426      1.000000    -0.088498  -0.066479   \n",
       "TEMPERATURE       0.048766     -0.088498     1.000000   0.000777   \n",
       "THICKNESS         0.372615     -0.066479     0.000777   1.000000   \n",
       "WAITING_TIME      0.349891     -0.116885     0.052813   0.040017   \n",
       "PROCESS_TIME      0.022198      0.018620     0.054029  -0.031659   \n",
       "INTENSITY         0.309442     -0.110673     0.080717  -0.042260   \n",
       "RPM               0.202264     -0.140616     0.031755  -0.002660   \n",
       "TIME_GAP         -0.337871     -0.040707     0.023435   0.008198   \n",
       "SPEED             0.428800      0.016965     0.041930  -0.038761   \n",
       "\n",
       "              WAITING_TIME  PROCESS_TIME  INTENSITY       RPM  TIME_GAP  \\\n",
       "TARGET_VALUE      0.349891      0.022198   0.309442  0.202264 -0.337871   \n",
       "GAS_PRESSURE     -0.116885      0.018620  -0.110673 -0.140616 -0.040707   \n",
       "TEMPERATURE       0.052813      0.054029   0.080717  0.031755  0.023435   \n",
       "THICKNESS         0.040017     -0.031659  -0.042260 -0.002660  0.008198   \n",
       "WAITING_TIME      1.000000     -0.098425   0.105935 -0.005850  0.111746   \n",
       "PROCESS_TIME     -0.098425      1.000000   0.065897  0.043476 -0.012613   \n",
       "INTENSITY         0.105935      0.065897   1.000000  0.149603  0.006070   \n",
       "RPM              -0.005850      0.043476   0.149603  1.000000 -0.363079   \n",
       "TIME_GAP          0.111746     -0.012613   0.006070 -0.363079  1.000000   \n",
       "SPEED             0.014293      0.085077   0.138085  0.098882 -0.035095   \n",
       "\n",
       "                 SPEED  \n",
       "TARGET_VALUE  0.428800  \n",
       "GAS_PRESSURE  0.016965  \n",
       "TEMPERATURE   0.041930  \n",
       "THICKNESS    -0.038761  \n",
       "WAITING_TIME  0.014293  \n",
       "PROCESS_TIME  0.085077  \n",
       "INTENSITY     0.138085  \n",
       "RPM           0.098882  \n",
       "TIME_GAP     -0.035095  \n",
       "SPEED         1.000000  "
      ]
     },
     "execution_count": 3,
     "metadata": {},
     "output_type": "execute_result"
    }
   ],
   "source": [
    "#!/c/Apps/Anaconda3/python\n",
    "# -*- coding: utf-8 -*-\n",
    "\"\"\"\n",
    "[Title] Correlation\n",
    "[Author] Yibeck Lee(yibec.Lee@gmail.com)\n",
    "[Contents] \n",
    " - Correlation for FDC Parameters \n",
    "\"\"\"\n",
    "\n",
    "# %matplotlib inline\n",
    "\n",
    "import matplotlib.pyplot as plt\n",
    "import seaborn as sns\n",
    "import pandas as pd\n",
    "\n",
    "df =pd.read_csv(\"WIP_HISTORY.csv\")\n",
    "# print(df.columns)\n",
    "# Index(['TARGET_VALUE', 'GOOD_BAD', 'LINE', 'EQUIPMENT', 'GAS_PRESSURE',\n",
    "       # 'TEMPERATURE', 'THICKNESS', 'WAITING_TIME', 'PROCESS_TIME', 'INTENSITY',\n",
    "       # 'RPM', 'TIME_GAP', 'SPEED']\n",
    "df = df[['TARGET_VALUE','GAS_PRESSURE', 'TEMPERATURE', 'THICKNESS','WAITING_TIME','PROCESS_TIME','INTENSITY','RPM','TIME_GAP','SPEED']]\n",
    "(df.corr(method='pearson'))"
   ]
  },
  {
   "cell_type": "code",
   "execution_count": null,
   "metadata": {},
   "outputs": [],
   "source": []
  }
 ],
 "metadata": {
  "kernelspec": {
   "display_name": "Python 3",
   "language": "python",
   "name": "python3"
  },
  "language_info": {
   "codemirror_mode": {
    "name": "ipython",
    "version": 3
   },
   "file_extension": ".py",
   "mimetype": "text/x-python",
   "name": "python",
   "nbconvert_exporter": "python",
   "pygments_lexer": "ipython3",
   "version": "3.7.3"
  }
 },
 "nbformat": 4,
 "nbformat_minor": 2
}
